-71.2856153762
-167.036071701
-98.7854356313
-154.826689924
-70.7610709812
-74.60197664
-141.84946687
-88.0609366849
-82.2013261166
-45.3442752771
-42.461215932
-99.5419188374
-73.5184899332
-237.087480683
-76.3526606423
-95.0200921249
-60.0667593222
-114.810091865
-105.793608026
-99.4004077786
-99.1206710327
-134.206523082
-139.193159016
-94.6330427917
-117.634357605
-57.199498091
-15.0128583018
-32.5252197614
-74.4701340642
-50.8197225932
-57.0513342563
-43.3645544694
-77.5090945952
-28.04978553
-40.0152481756
-56.7302563867
-42.9554645475
-26.5206749044
-105.905846256
-67.5286287692
-68.7904820552
-103.875327163
-110.625930364
-61.3062962244
-108.785734733
-322.798211582
-48.1355023385
-25.3958152927
-66.2782842807
-45.3880617163
-78.782639433
-105.50257101
-55.4075927581
-58.1094516744
-85.5798088817
-154.460306113
-81.8483487156
-112.606268904
-101.430148879
-91.0815341364
-82.7684885432
-149.636978927
-95.8968368478
-51.6791409921
-69.0543645834
-58.8291831922
-85.0638628822
-108.620543392
-136.123257833
-56.8950945501
-69.8348903628
-132.66469182
-132.436701296
-107.344464308
-31.1047388563
-54.1038709659
-57.7445308789
-49.6409513541
-68.742386326
-59.4672867327
-38.2663500765
-116.421545824
-47.419805265
-57.8660917814
-96.8491676133
-27.6202098985
-43.1876517078
-32.558498253
-51.0998889977
-120.836435147
-49.4320128169
-64.3807933715
-106.508192029
-99.0486417709
-80.8032891379
-112.661690309
-70.6387785433
-98.3314745103
-75.4992859609
-40.68813327
-125.022590269
-73.3691010099
-67.5548191556
-82.5411185173
-94.1630422989
-91.0521230912
-63.5495089358
-156.742255256
-152.601727815
-102.429544004
-52.1477668541
-101.125950211
-53.1387905811
-78.6375354333
-30.1069404636
-60.965579671
-76.2250289916
-105.98829399
-68.0623772153
-19.3780208728
-28.2587578302
-86.2937307065
-102.674856108
-86.89374109
-17.2102452305
-92.5342527449
-87.5996186752
-55.6477105853
-131.852020463
-108.275135843
-102.464360296
-137.754063747
-59.6171127063
-110.638371604
-79.2619332834
-91.4626074075
-105.372570785
-67.3507982729
-46.5641065828
-45.7705563235
-121.242005119
-121.812227061
-42.9583749191
-70.9280680783
-79.3187047963
-103.689752907
-68.4070972247
-47.4762764996
-25.6366471049
-30.2398598874
-80.1600093718
-120.444156045
-33.3024576392
-67.9716351001
-54.5111522645
-139.554973569
-42.4961511415
-41.7635532911
-72.468639948
-66.939561236
-40.528665411
-77.3383238588
-51.2229591142
-60.671357215
-157.256644464
-75.2089462242
-103.862037782
-107.23692983
-118.627350318
-80.7133416204
-119.770333984
-74.7298706306
-109.027768522
-71.237360306
-125.443497888
-42.9011941163
-90.8949106373
-107.63693858
-66.1686751007
-46.7013942466
-64.8780285638
-57.2163877769
-73.2819539532
-70.0897369751
-39.7881949497
-85.2144355085
-32.4702303208
-137.601851424
-142.370314036
-119.98565608
-83.5290840127
-165.117741495
-116.175903492
-85.8966785216
-54.9511116034
-27.3180028994
-84.0876888886
-41.9496311972
-143.764534196
-60.9067359308
-24.1344263772
-80.4265555083
-54.6383241561
-225.612690491
-47.5683488234
-110.372222604
-181.482849864
-87.7460102811
-22.604332074
-99.4304700121
-140.1511945
-159.432745748
-90.7200475242
-25.4030861616
-112.060051985
-95.1651830145
-81.3009312367
-47.6428104917
-163.495155419
-119.723007695
-24.2733311588
-77.8503803962
-58.5251868555
-183.288183867
-52.8235579511
-118.316479047
-40.9740612375
-40.7847895003
-84.1513412646
-205.191562336
-109.36850968
-36.8225698132
-46.7960208427
-30.730792133
-24.0646952976
-38.6296824742
-82.6259767721
-88.2105493657
-78.8335136234
-85.1196852537
-90.2664440034
-91.3571292765
-67.690106538
-76.6211845911
-109.546728546
-64.7804687236
-35.5394849926
-91.6093180106
-47.2599870785
-53.3239352375
-28.6404483004
-86.7775250862
-107.962059447
-123.907004451
-33.4559808988
-45.1392660295
-31.8012255358
-84.2559091902
-53.7180048971
-100.267374517
-75.2176668551
-46.3600025042
-43.7231159208
-71.916853717
-149.936523035
-70.7507425718
-110.086986221
-107.530155871
-105.971219978
-136.308283014
-186.958068324
-133.762372098
-84.3229953691
-158.334741434
-100.667287332
-107.59369765
-105.299739229
-42.6290321577
-170.30191249
-104.407910268
-183.592991784
-144.939066832
-181.954897541
-146.242205977
-156.162749303
-239.574838324
-129.599321458
-58.5142654982
-74.3175708334
-114.614372103
-132.214761342
-64.4577893843
-51.0077748548
-68.0224699585
-130.727491184
-78.8914493808
-61.7961213102
-83.652443478
-151.521617745
-48.8875424121
-58.6067773743
-75.7463500815
-106.69421531
-76.1258122879
-90.5293782579
-68.4232101039
-159.293576622
-76.1590719473
-68.4163429164
-167.317090047
-57.6577104454
-82.3667313745
-143.626047903
-138.366962853
-27.0012013364
-20.0951464856
-37.632874533
-53.808810999
-97.4734241611
-53.3397293916
-39.2904468271
-110.062119571
-51.9101876234
-89.8811836733
-21.1276939771
-108.09254266
-40.6621123566
-129.246880445
-99.8040227296
-114.28006702
-78.6348013722
-94.6057224324
-62.5620005211
-80.3056762724
-137.701726778
-103.03582504
-190.876820482
-110.221019283
-105.731198115
-72.0843758049
-72.133747757
-103.737173399
-24.2467180615
-91.1706504245
-40.0539939393
-122.306122957
-119.981797411
-79.7473110727
-42.8158482183
-95.9062840249
-10.0989038218
-163.551366836
-56.5561870952
-100.061564041
-102.000690985
-190.227928053
-79.6264107239
-28.1990876395
-90.1862636062
-91.3200403399
-157.297226613
-84.0131679995
-68.9976762755
-43.9781710888
-129.797077423
-103.267982363
-32.7676148
-94.7149190038
-129.337875541
-143.401556899
-56.8206761089
-136.275292314
-131.228005986
-61.1185157047
-81.1873147092
-98.5823851597
-125.516018964
-100.526319691
-83.7048426441
-169.666247918
-51.4899867718
-84.2344777952
-125.139426853
-76.6930016687
-160.007206463
-87.8450879634
-70.4473728213
-92.3357177526
-31.2914457553
-58.4557437972
-46.7338848338
-58.3789198914
-112.821193652
-92.3118177953
-179.7979322
-130.685510377
-128.041935195
-51.1800134559
-131.981776419
-127.50690417
-141.230040541
-125.242447206
-99.7562693851
-80.4920683964
-161.708021269
-67.9863494556
-95.5687425452
-72.7928625862
-120.867109905
-72.6189962611
-65.1560028847
-132.320114845
-135.895723511
-86.5331039169
-136.393359586
-44.3102819197
-106.255272128
-182.05230948
-96.0307457008
-44.9327562147
-109.325085491
-51.6788902316
-39.4304206649
-59.4757940387
-137.452141313
-119.158611868
-73.1635463273
-79.4045742693
-141.211652444
-106.197345241
-124.981463326
-73.7569744603
-52.0972233288
-8.93573316852
-112.836079762
-74.5423490697
-53.777729969
-133.694815246
-54.808238773
-35.0710362473
-52.9903907931
-129.211316355
-98.5205602049
-86.5194733485
-92.7810322339
-76.5000810403
-97.9419054582
-89.5546107237
-159.286272678
-83.1994177575
-282.343071511
-71.9179520762
-124.34402667
-28.4843852603
-74.2386134417
-91.5846976058
-127.829596841
-87.7173226275
-66.2599285013
-87.4397275384
-10.0631233168
-82.187778526
-28.6040581768
-71.4960627512
-54.7806035946
-112.647934273
-114.424623425
-90.4869791083
-69.4001183987
-83.101484261
-97.6370400221
-131.889860884
-161.861454125
-11.3167479502
-68.3728853042
-77.8563459201
-85.6797657798
-60.8277468091
-72.4297050203
-48.5420145509
-38.82848568
-80.7539974392
-121.484909827
-154.348722269
-117.541609766
-104.458597811
-48.6738246559
-81.0433866129
-103.410560244
-68.7396140531
-68.3009148733
-69.9024276093
-120.166971601
-67.7561990593
-81.5502165901
-142.043485387
-51.3781912232
-69.5457277516
-46.5034838023
-52.7858651857
-115.024485204
-100.891160402
-58.9584691813
-102.796037079
-104.079065646
-37.6370832842
-69.9341044348
-110.542727984
-83.2079290331
-80.7352127535
-83.739581428
-34.241190886
-82.0982961766
-72.3854330492
-112.487015798
-98.780411343
-53.2075147132
-85.8205302976
-94.9245240864
-89.1248120442
-132.9390977
-76.0693364466
-70.8211161071
-69.5627353591
-72.4945867315
-124.184947523
-72.1743901409
-233.785800172
-72.9994044822
-72.3279057972
-47.4520793023
-98.2239127927
-50.1742627209
-45.2212111903
-84.7339184697
-47.2321392186
-24.171203826
-110.70479168
-78.7605128874
-93.5427582829
-51.2859806625
-47.9193339988
-58.6282999264
-68.0097411233
-90.6925150257
-17.6102693737
-84.2753570171
-25.1365661622
-49.1755612858
-53.8577256699
-127.86656672
-46.003551292
-66.182747184
-114.244891791
-50.2144169507
-55.6805954981
-48.8175510664
-75.4683059796
-39.5616659116
-117.605482591
-36.1682205081
-83.5193773379
-66.7080043618
-86.8652311729
-106.049119959
-64.8635792905
-96.9278688363
-26.428917173
-74.3311609713
-110.468804197
-169.74027996
-60.2972890693
-29.5430445849
-38.7660519297
-58.7183291135
-19.5768827672
-17.9117906198
-27.3832824137
-126.503166037
-59.6003119107
-91.8389940283
-129.663347368
-51.1355626938
-57.7240243145
-91.6497520774
-62.3885117102
-69.804041914
-43.2370890213
-105.570532206
-107.572024009
-148.282172732
-44.8242259547
-116.77351871
-82.9965161077
-56.2593466758
-134.201453798
-78.3920337572
-72.5709304454
-73.5090893207
-164.400471218
-20.5734315851
-89.3190794814
-47.6279488307
-24.6044921532
-135.510055843
-45.2044155615
-26.5538807427
-63.5735164322
-66.3467284161
-82.6430962494
-121.129864631
-86.0904784309
-19.7630502779
-98.1674703128
-58.2585039532
-60.0965913187
-44.4806471437
-69.9369536539
-60.8252381581
-15.5162890792
-86.8921902881
-96.8878642744
-107.991522713
-28.7561382048
-67.5987818607
-78.7320865435
-100.403414377
-48.5200835507
-63.3238681564
-38.3908718975
-74.3506901436
-102.050161001
-51.2555209641
-45.6945882747
-43.7129227151
-118.375800248
-43.5117022352
-73.0764862138
-43.2027026698
-79.03081274
-68.6843026288
-150.29716647
-147.760201274
-41.1592053253
-120.523452702
-126.90283453
-101.927741401
-75.8957549944
-75.0725734408
-134.099372862
-89.9291400531
-131.284810658
-124.901791389
-59.1718123715
-94.1516332129
-38.3069869272
-114.5274983
-192.282491645
-105.42558003
-72.591330008
-59.2039148434
-151.393223411
-75.8788968505
-111.324670945
-119.69665998
-95.2936293895
-51.7013054973
-59.4849354633
-113.708870648
-130.324585975
-108.095875377
-78.6992195859
-54.3432500998
-123.54785576
-74.6470353868
-71.1192317703
-111.544554419
-33.0046432485
-45.3835258816
-40.6937234633
-42.3044209756
-90.0930639078
-53.1076360593
-68.3037126911
-131.971556286
-125.127731496
-151.166649871
-75.9296380348
-41.5901688199
-158.124822924
-106.130909123
-103.526502111
-50.3564849975
-93.6799896915
-123.078711504
-146.814486756
-92.3198581615
-64.8773457949
-90.6587790435
-120.239557906
-47.9096210619
-117.336826471
-60.2986188987
-125.877526749
-43.9497825332
-85.3202472074
-38.9842667741
-57.4061423912
-230.758244131
-76.9596647984
-83.0911132409
-62.6113354894
-74.3311598339
-20.7135730185
-98.9206736347
-65.0614229661
-53.0117463086
-25.7163494901
-73.5031393205
-72.042545714
-80.9761869179
-41.1411057313
-73.0660057348
-42.5494323715
-68.4726038861
-67.2199197953
-51.312390607
-72.2252888195
-95.516644627
-60.2770457777
-36.7519588991
-46.9095195259
-107.670628982
-13.7183578937
-66.7192199781
-70.4140090273
-84.4057639425
-49.2352677657
-64.727313806
-50.7095933565
-70.4142447987
-85.2396296169
-49.9175629348
-58.3090389877
-64.1757570567
-72.6826083581
-100.84655736
-86.4000925715
-72.0888631557
-47.5362210371
-135.568281944
-52.8366325754
-98.5188937418
-57.5422289609
-26.1126529542
-33.8585009145
-92.5484700253
-55.6066792072
-54.9398917298
-54.2242165843
-125.6211242
-110.083662208
-128.37349393
-86.2485211469
-53.4857833143
-109.861840744
-63.1009235225
-37.1724725372
-136.078338568
-97.407555864
-22.3227568695
-126.660023496
-102.467205609
-83.5840931004
-57.6535241215
-63.5898839384
-24.7797990599
-64.1591340328
-42.4096676916
-47.6389945579
-95.3801873798
-91.3929034003
-88.1473722474
-45.3924746606
-73.6903907299
-51.8286099727
-35.3540245928
-74.9840639936
-95.2317553762
-143.385694066
-80.0953568749
-31.1294654723
-127.929213427
-148.499446511
-62.7107210515
-71.4159531859
-37.5408546495
-48.1459212494
-43.3883956474
-106.86603145
-99.4327617688
-97.677343737
-166.458980221
-85.6833910942
-163.584648501
-36.8239675414
-95.0834875858
-76.6739008716
-86.4430310894
-51.7471198414
-88.3178279879
-89.1735674819
-85.5377876333
-96.9584650708
-93.1440921916
-90.9433447774
-172.741822531
-241.850743903
-87.060760297
-21.137345284
-130.356524253
-191.379361282
-136.955411702
-60.2813437927
-118.928977006
-149.052889885
-50.996620928
-59.4846998101
-51.8033644772
-37.2582838301
-60.2648190902
-67.0264158674
-56.1744560632
-81.1068866518
-102.04744038
-135.50072597
-61.9254534393
-46.0337281012
-98.4635003907
-54.8152832817
-52.8094371096
-41.4204405936
-28.8115777477
-40.2103391987
-37.349943325
-25.9992847454
-33.1477692259
-135.052152185
-66.035619975
-77.3182625729
-57.4619046261
-221.217717119
-100.752523516
-162.811874147
-205.180481307
-53.1846864012
-23.2045374618
-19.7052296309
-91.9246041411
-102.088488556
-82.5551084545
-63.2693316114
-90.0189181364
-120.046792741
-124.987113634
-156.962864975
-89.0213859608
-40.565795751
-88.7361155925
-71.0686996216
-36.3420295319
-120.896186633
-30.5237926243
-38.0297988915
-46.0654485117
-126.621664806
-125.311848226
-233.996847294
-117.888397137
-147.008848421
-98.7689249267
-146.801090693
-62.1475159177
-104.343043626
-53.8382684733
-49.2701523494
-75.3844347803
-132.485830949
-77.9831414372
-29.130967057
-86.8742301416
-89.8190149584
-86.9412891466
-116.850645551
-102.882639102
-77.2352288202
-24.2127350205
-89.5056780137
-83.7615071734
-185.239278138
-67.3056177206
-35.1443570642
-123.34650237
-38.4583982898
-95.0558821292
-134.171188151
-51.6949843456
-35.2636825224
-27.8975495877
-40.4561571368
-192.010917616
-106.033062618
-71.464941931
-157.951364512
-51.9702567788
-51.8742353312
-109.978230073
-92.7616010786
-110.301738481
-118.698189972
-96.7199878338
-59.3615004247
-109.015076621
-63.8024972381
-103.275795594
-57.6683942947
-70.4326852238
-29.3342780946
-78.4567160757
-118.859938345
-67.4334548575
-86.4314298007
-72.2305049703
-117.392400261
-75.8849430044
-75.8609570274
-53.7963960678
-29.9347051115
-109.626526814
-130.095327305
-138.683528241
-103.869288576
-97.5490125146
-107.451151985
-44.626410909
-122.745920253
-100.670789284
-36.8611557603
-57.1327487979
-90.0031766385
-9.44775991177
-131.344594057
-63.7150572227
-96.093374985
-104.563094073
-50.1562025681
-77.9662645893
-105.040284859
-60.8961121311
-52.1354331391
-108.7715052
-111.776008538
-36.0171755988
-78.0222261658
-90.7161671908
-58.3307504665
-34.1110827193
-78.729855529
-98.6748908377
-42.9332905056
-146.887626836
-70.9777369079
-68.6948863408
-108.227313055
-87.2981256261
-52.1813268169
-78.5922652729
-158.875374282
-66.950661601
-37.2029113945
-25.9859897871
-60.5443876918
-84.5815766391
-24.8780961064
-72.1791014229
-41.6680050512
-61.3713986548
-212.255432951
-89.208643759
-159.670465335
-47.3563160576
-86.3347767524
-68.0467327305
-76.7354686598
-20.3058894099
-90.4630515527
-110.236213823
-70.1472704025
-94.0693869641
-36.9539721448
-33.4953762175
-36.5669077942
-35.0710538777
-50.6098830716
-31.2147177556
-71.1906173615
-40.1166808255
-55.8761075241
-66.1241894451
-81.9092374393
-41.8420419055
-101.387952289
-59.9523232994
-42.8406424276
-46.6086901763
-53.7219269032
-41.4196574073
-90.6358484526
-34.8847989896
-36.935801751
-72.987341799
-91.5672337742
-92.3672276793
-88.0574316247
-81.4190689392
-50.862061593
-168.63342914
-144.04944303
-146.004031571
-45.5358441448
-117.030524986
-194.608324719
-98.4833149405
-129.978863796
-21.6987352636
-2.09546490268
-45.5511150526
-184.765968307
-91.1301551671
-45.0635197091
-53.5221558151
-110.643099199
-120.581482779
-104.48079268
-59.6231140557
-76.8564634633
-119.758391065
-14.8050587232
-108.990395201
-78.435285189
-53.4938228209
-114.327130465
-52.5001223416
-89.7602046993
-40.4490828709
-109.789258574
-48.2008853442
-96.2059533447
-61.2508299571
-55.1050720805
-37.0146711886
-78.1043983549
-85.5960485961
-50.5492850335
-34.8431700196
-34.6156767473
-57.0796360283
-96.8471923085
-79.2721796637
-57.6172141617
-54.0875630021
-62.4692520541
-63.1802991643
-104.003998497
-35.8882173679
-68.7599763622
-47.2647614666
-28.4620614279
-58.7910269242
-58.0458529279
-45.978150789
-97.779094116
-169.882098218
-62.2609337248
-41.3061286335
-69.6039269457
-78.7424353724
-81.4229180313
-134.986998708
-147.713171304
-116.386143943
-103.073638225
-61.2409180509
-44.7471905754
-81.199268461
-42.3393688449
-52.089076852
-155.440570972
-92.4469899861
-63.626294906
-51.9381012319
-63.1142419129
-33.9542189534
-25.5622506647
-33.2836671603
-34.4599551482
-55.8232580178
-28.2203226349
-96.8778682941
-36.6095711466
-67.1804174194
-16.2478153917
-15.7053951111
-12.5778757244
-73.9768204845
-101.216380381
-64.4211860219
-43.9979852244
-74.2049551772
-82.2302619672
-54.201725579
-81.3075663265
-42.5895957099
-95.783852696
-96.8065413727
-111.976796959
-104.358292781
-38.7372983805
-59.6152226699
-130.016081417
-43.0067635371
-80.6803437517
-41.800091392
-68.6434880863
-16.3118739012
-21.9930219298
-74.4509699318
-53.5206857619
-137.127624318
-107.760562793
-85.9526695281
-43.3013854409
-97.3761842937
-41.3298211412
-66.012591942
-77.1575448033
-68.3689877763
-103.04141477
-141.667604693
-56.5078588643
-41.2293305437
-32.2333204449
-35.4355844751
-118.391426834
-98.5935408642
-85.9829236078
-115.288257202
-94.9612109396
-78.5691780695
-51.3784213959
-51.8555069048
-90.2411538576
-18.4170222592
-17.7023957031
-24.7390289546
-97.3015363368
-75.6083183669
-84.016448984
-79.8656000287
-32.7146665205
-59.7526602435
-101.064932237
-29.1584714671
-35.8440051674
-46.8438629874
-41.3067769595
-55.1147461605
-31.2376595475
-18.350007614
-69.5786474909
-90.5701625597
-156.699176865
-245.912559529
-17.2858266784
-99.9301953796
-60.6778948505
-51.0177254894
-103.899228161
-135.358327444
-53.1720560672
-45.5541603655
-75.8828242658
-20.2231352635
-71.1347224268
-121.815567269
-74.8782717954
-33.813345571
-99.3559417477
-24.5646799802
-45.3577128208
-67.1803986159
-13.642391595
-37.3183551738
-32.7537224266
-47.4789832204
-49.8066188543
-66.3159539241
-98.4677618304
-36.7342772238
-73.2921260338
-43.9658527498
-83.0297117995
-95.409445
-88.5009488605
-84.688576924
-38.2694822777
-54.4621804035
-61.3814029507
-151.683171391
-47.113168168
-55.1869597431
-18.9810595906
-77.8429417209
-65.7287548918
-46.796920854
-54.5422914327
-114.474611799
-16.3647802951
-55.8116719849
-66.7031638366
-50.8491934639
-42.6290960026
-54.0871408695
-51.7616708892
-32.7767114211
-29.0482969601
-110.991453911
-129.711757678
-87.7238226077
-83.3281389862
-38.4457355638
-35.7201027559
-32.8847631317
-33.0146960347
-65.2128671113
-19.6215096091
-9.04334308822
-25.0922413083
-112.736702592
-28.8399964424
-88.7218578592
-16.4569660501
-98.985033967
-47.3056427048
-64.9637832714
-144.062741764
-111.297923198
-16.9984110532
-43.2456022395
-30.0776517547
-42.0725690076
-100.823550372
-46.8057731021
-18.7915897037
-30.4650832146
-32.0576394366
-60.0535430553
-75.7858838493
-66.9049646461
-29.0880847367
-79.7601115229
-83.9259154602
-93.9316437083
-136.899021418
-100.830497322
-106.969020904
-54.222434247
-103.784777659
-46.8761089208
-73.4487464337
-70.2073577794
-40.571407758
-113.336217716
-115.656676944
-53.3113246669
-3.45255436821
-171.098350945
-104.461805142
-52.3685217703
-95.8484023772
-19.1606686304
-47.3210899873
-31.3738300558
-22.5765377175
-9.01016857174
-72.3214200968
-76.4825086987
-59.0748336625
-36.6154979292
-43.7845640796
-66.1667519873
-51.0385308542
-38.6716006082
-75.7628397031
-7.35335465956
-62.4564241121
-88.206431793
-37.7747183889
-116.693370263
-68.030452998
-82.6211471556
-31.0301378101
-18.422543819
-6.938594456
-105.983619177
-57.6118001215
-40.2854868204
-25.9340156584
-58.4033569112
-78.2166186749
-56.3920511508
-74.8764034019
-105.123429591
-49.8884071485
-92.4155581483
-20.3545721787
-121.054841927
-52.6570121918
-108.617341005
-142.142532771
-46.4968650277
-89.6973015331
-101.467910209
-79.8107391588
-51.9277878268
-111.169643264
-65.4390569725
-68.4126164828
-114.277987648
-88.3860535757
-77.56317804
-73.7802944001
-43.2649793453
-74.9019372282
-129.61388273
-58.3718407953
-99.0419545929
-74.8204941102
-137.732603727
-38.3761972973
-110.16677215
-77.6211296822
-25.993996807
-113.566392701
-65.1350075943
-27.22296109
-63.8637553297
-43.7764846276
-172.206392232
-43.25703896
-83.3743412282
-21.649384935
-116.06452632
-129.286408814
-71.6201138106
-92.5402139465
-142.705247231
-56.0283150971
-99.6593386972
-71.3235017335
-32.8762068776
-67.2302534437
-129.302693305
-69.9458277726
-98.4420431027
-60.0349159564
-33.9860567997
-143.659600663
-54.727278608
-63.7463005574
-115.276773722
-123.250087502
-45.5752483958
-57.8809315825
-210.202949691
-28.19511039
-59.2262166368
-14.8418414495
-45.071331539
-147.160636326
-16.8849650586
-47.1412223481
-27.8399789261
-164.187689814
-128.343206903
-13.4776672995
-88.3726977967
-100.165053653
-73.8492625027
-64.93572025
-137.183226793
-40.4640465494
-52.1741977229
-102.261847164
-26.3701737463
-23.8972657785
-127.532436031
-90.476080724
-69.775691716
-164.107666637
-79.9617570357
-168.074631745
-58.8001118912
-42.8756730069
-186.077944823
-28.6518243546
-96.4619934049
-79.29992416
-39.6473483562
-58.2573433122
-121.42428212
-103.285635192
-44.2045530567
-125.960980635
-60.5507787277
-67.0590524993
-65.4357884144
-53.7904810233
-85.1452217821
-19.9345608686
-93.0540259562
-123.979877516
-91.2959225243
-68.082754152
-50.467951191
-65.6069345747
-7.46497422268
-75.3175317176
-62.4569626725
-79.5158646978
-42.9494394211
-74.646948943
-61.9303290507
-50.9284667568
-53.9128877562
-42.9353494579
-74.3599128776
-43.6049680816
-100.483876887
-44.9630222502
-85.7476435868
-33.5038476181
-63.2392686771
-57.5261861804
-22.898743083
-47.8302006899
-43.8609359125
-76.1144313706
-54.6375737327
-45.1952000205
-31.399406314
-4.82723034811
-46.4140985768
-35.2123240246
-27.3557597947
-37.6545918516
-121.414971935
-43.8046522728
-160.840683539
-57.1310717265
-50.8645019852
-59.4996105172
-25.6603804963
-67.8769410636
-131.775309759
-21.9339770182
-52.6192358639
-70.3368327488
-29.5991469778
-64.4274214523
-18.2196776246
-85.9899487152
-72.5692407847
-11.5231500879
-58.3788031818
-20.3860406558
-134.752187218
-82.931790362
-63.3289632753
-90.7501329887
-93.8305397321
-64.14906233
-79.6901278459
-58.7167515552
-37.8947821612
-30.8336892094
-86.8872160399
-46.5340832097
-77.5999916742
-94.641264557
-97.1432283701
-33.7488877594
-84.4130859901
-79.8053554762
-98.3568016556
-27.8170223965
-64.3685578057
-65.4703744331
-40.2112397543
-34.3104543036
-44.4631162925
-255.241655166
-42.0031880603
-83.0774066346
-37.9959860673
-29.5390769431
-58.4126087748
-40.4263073219
-92.6536317885
-44.0503890923
-35.2977775768
-136.407741966
-210.073478607
-62.9526432797
-109.467196967
-134.809671547
-68.2856505053
-47.7173934657
-41.9993807663
-108.032861986
-120.82247982
-90.0255289239
-85.875597156
-127.769899608
-133.661412842
-63.147177183
-21.381909063
-83.6862440758
-41.4087663069
-35.9041551594
-203.2341815
-131.426811219
-64.3356313264
-35.4348672816
-50.3212057318
-55.5965856767
-91.6881459557
-41.7122694789
-73.1288923936
-131.397906313
-10.3042382781
-111.598404851
-10.2323984745
-103.671776726
-123.824576334
-37.8598928001
-80.4550994512
-34.5146324677
-54.8610943796
-31.9183711973
-31.8500753832
-126.18086952
-97.4289396361
-176.470834025
-47.0860222453
-35.0299492616
-37.1003064135
-46.8530400032
-97.0204176877
-110.066824735
-50.2019607927
-65.1807971297
-19.974187262
-86.5764315361
-34.1038092854
-83.056758196
-58.4231101403
-46.213538758
-47.336025681
-47.3010164806
-56.4057628915
-11.0601839403
-31.0317069452
-189.85443254
-80.4840502773
-97.1331245854
-18.2414089854
-182.218548576
-16.3673066601
-17.6164857589
-33.8353703931
-58.0654785225
-129.3510868
-73.8044110186
-19.8698022725
-49.5031794063
-89.8296294024
-39.2535583796
-30.5415644442
-104.001250285
-28.9142427101
-92.9865836353
-72.3635771023
-164.71275863
-115.676774562
-52.3023528978
-79.1071250621
-97.3673018264
-102.275058538
-66.125191946
-49.3052056795
-68.8535679962
-89.5650114921
-45.4865098176
-21.3834628172
-220.38642064
-95.4284489079
-116.603616487
-120.992926891
-242.287931365
-48.775019203
-161.422263307
-85.8940690837
-77.8100696619
-84.3734420986
-36.9748077793
-30.4087461074
-19.4269073857
-82.1114992685
-19.9934358414
-153.17277309
-64.2810289242
-51.3703859023
-89.7479757266
-95.5960330507
-38.2241743466
-79.4175944942
-94.0927842721
-26.9261051087
-88.8315757249
-27.7678237947
-53.6386681967
-143.861031201
-90.6928969491
-41.2496043636
-51.9121645848
-63.2442010922
-93.0516350449
-58.623195584
-110.075414657
-23.8683909724
-98.9407778122
-81.534380866
-117.753774627
-131.915080234
-91.9889348136
-61.9146223522
-31.3736848661
-56.6215297996
-123.992863669
-36.2775061506
-52.3460911442
-28.2803373293
-65.0530000245
-130.019409003
-133.502923978
-67.3760623365
-52.1542948151
-98.1985324422
-111.670962273
-129.991391852
-92.6158819255
-92.7222556793
-51.8628200016
-68.4102689104
-64.5723760609
-75.7855363013
-46.3435843908
-95.9037912811
-29.9741808384
-114.618056455
-69.2714286216
-119.421134844
-37.5330236192
-65.9692300681
-117.365525891
-76.2348337948
-131.423784878
-78.6897178124
-91.8256145236
-73.8595477375
-43.0473070731
-69.3800158696
-131.746247695
-85.5147779767
-63.7575870528
-86.130246157
-52.9875995714
-52.1016950597
-30.61481017
-69.0962759595
-62.1243653313
-129.221863323
-132.10679303
-104.401495107
-108.417768469
-93.9974403035
-28.9494337775
-29.7430124734
-79.6983324854
-193.85704387
-147.525323661
-83.4732841744
-78.8989245903
-40.1024472333
-53.6852530148
-45.8771783907
-51.7075351762
-59.4427260079
-106.979367636
-119.48413196
-121.02252346
-52.3957818588
-62.7922593691
-118.072245037
-36.4782350294
-74.2824673894
-15.1956870161
-124.008583138
-117.263460961
-124.319499504
-126.744145471
-49.4733789624
-88.8815524883
-87.414421504
-54.870772241
-192.829885249
-39.9806282375
-90.5538426476
-49.1918789225
-62.4403656328
-71.9753764419
-76.2542430441
-55.6096062928
-111.483645037
-55.2402477534
-109.580444934
-55.3299438226
-41.4877521146
-68.9643210765
-92.3661648525
-77.088824022
-97.9070748102
-117.716441469
-114.530824448
-47.0821404376
-105.791522331
-77.5660433661
-145.567575359
-178.191260005
-39.056070921
-74.8449922047
-50.4913181585
-36.7162836392
-82.5937392771
-60.6862288387
-32.5287409418
-18.5245367365
-75.8782574059
-137.836486042
-67.1894075897
-51.9035886471
-70.180503069
-69.1902443841
-111.602672635
-96.2956911263
-48.9355090046
-54.5072500983
-91.0364667564
-42.5535407773
-85.3892011724
-225.0406826
-66.715128934
-12.4003627171
-18.1520779845
-145.432438394
-74.6943767791
-189.907278198
-87.1522026721
-74.2248773173
-28.4178988249
-93.1097865406
-55.616727569
-89.2634972476
-132.445361609
-83.4408591537
-157.417793755
-82.5904963707
-74.5558267173
-147.279931961
-88.3117109052
-51.3115377541
-88.3341272547
-73.887676574
-35.9011184745
-83.355320478
-129.352194511
-51.2281661317
-122.41361119
-106.125496418
-122.301085843
-48.6033578267
-66.8176817938
-28.2131998704
-30.3035190211
-49.1622363964
-91.9945737526
-199.440804548
-68.8827260898
-18.6842184187
-8.78169309765
-144.757605678
-50.5171188896
-177.431065052
-85.1576649992
-125.898548247
-217.249419058
-29.9160058089
-72.768900325
-56.9997664742
-208.580616161
-73.7972904818
-60.5032656624
-56.3982386611
-29.5537676311
-86.5985415728
-123.377790241
-100.127321325
-70.6588242108
-42.4116583169
-102.889049835
-90.6982220921
-117.687480704
-24.9656115046
-171.998289465
-119.233894681
-69.5146849271
-59.5526184557
-104.004002354
-128.91832068
-112.780257635
-61.3779405795
-87.4707878379
-106.196661744
-14.8290855652
-76.4826253845
-16.6437199027
-145.561442771
-127.608111117
-27.423784439
-31.9388340678
-83.0189949988
-39.635871485
-101.495730224
-57.0693823951
-41.3183909206
-22.0661954327
-76.400692194
-103.065096531
-32.8249456332
-32.9206976022
-133.189601791
-31.5144513588
-100.45998854
-143.552563899
-31.2189072388
-74.3791513717
-24.7492684179
-80.9901711245
-42.1241496004
-145.710325405
-107.516162285
-145.072094205
-137.336036664
-98.4431601598
-106.097352162
-97.6232647413
-45.0268461275
-107.179043648
-146.611735387
-92.4084064026
-96.9578822673
-85.0674580552
-107.632979189
-104.18281378
-46.6542958995
-85.5462370739
-107.574097809
-103.757321752
-118.134703534
-118.86651529
-32.6086419117
-39.0634226274
-56.3870523991
-42.2237646443
-65.9989468184
-65.7492034663
-129.192567335
-62.1202938704
-128.082858828
-47.542426854
-122.087351055
-76.9750387838
-122.538402862
-58.066943935
-31.5558866077
-56.1017747775
-104.409984188
-53.3476094072
-87.1872923974
-43.0798073486
-35.9687487556
-68.7522714403
-60.5749205174
-98.557107223
-36.514022688
-55.3701559441
-102.191161741
-34.4151969926
-37.2967153058
-9.26082962606
-56.7037703235
-35.5811390245
-90.1577717526
-88.2508414464
-69.9375143887
-25.6180191486
-78.6670912679
-62.020756285
-87.8455484827
-79.6200437109
-50.5889911496
-103.935764299
-132.871408077
-58.7245442206
-99.1193008687
-81.671699785
-80.6479233414
-82.9334976691
-225.407005334
-63.6178861713
-85.8046949452
-164.67315982
-119.176220074
-20.9557360852
-70.0968378769
-69.0812318415
-100.079128123
-76.2527578959
-111.852996957
-104.364847046
-139.432593075
-56.7296855356
-328.306885838
-109.203423612
-51.967977388
-67.6094801132
-129.740027597
-61.9768792465
-65.4538347011
-96.6728162096
-47.2315592402
-46.9950291749
-138.087929157
-108.730369815
-63.3735285068
-78.4851662701
-30.075674024
-98.0996985637
-26.9475808634
-24.2706115865
-90.7114297301
-277.343893366
-49.040622056
-29.3162604099
-59.3068207093
-35.1185483938
-112.73115983
-57.0446557303
-27.1419413162
-57.4172628809
-51.9639884089
-26.7729490134
-70.2006164195
-195.52109006
-125.390064429
-67.9380971921
-150.117186268
-91.454862141
-58.8221821811
-40.0209880342
-38.8070396062
-69.4222504518
-98.0010889442
-51.2442652337
-38.9866412031
-22.9174543024
-43.3737922018
-30.3099972368
-116.748391665
-93.044704027
-77.1519472469
-86.3651801495
-92.7563970078
-80.2396284937
-69.1627920139
-101.024739477
-52.6805096832
-47.7616449626
-42.7191076749
-33.1023121288
-117.530465857
-71.5898508418
-86.5316741329
-43.382400808
-50.2579065845
-50.5562922882
-88.5707707413
-75.9557696701
-38.5918706478
-71.3463287594
-53.3740316309
-51.6597516216
-113.633425837
-142.962569905
-124.097794715
-145.192664488
-97.621865756
-84.957923883
-36.4336059551
-196.882077745
-122.646166186
-116.685531218
-125.763626306
-141.806735521
-183.924255738
-124.812707818
-122.235163056
-114.065891783
-66.9074570628
-59.0778107888
-108.560678912
-47.4597128671
-98.5176619272
-186.829894579
-87.8129943471
-133.504733227
-42.2480980063
-41.5970159605
-106.332900704
-89.2107073798
-120.225274855
-37.1469041115
-52.8086036566
-100.866392719
-29.1038612126
-42.8318343954
-115.918666405
-72.0071873301
-54.2819365187
-61.969060206
-19.3129092941
-150.721193138
-88.4294572984
-95.0722526516
-44.1358908218
-21.1037136191
-51.5475177836
-76.3733713827
-73.6696806365
-62.0874216705
-51.4277464598
-98.8949314855
-138.90098565
-58.2166809984
-160.283407133
-51.3869847828
-21.454709387
-118.286212384
-129.180979242
-98.1544258713
-67.3790666873
-108.953261065
-93.2539946673
-78.4285373067
-77.4791159737
-84.2949108227
-38.1492853097
-46.4631880986
-74.0238709716
-80.6824069057
-47.1244724406
-160.69208798
-72.9471041909
-73.4244915445
-63.4193134985
-39.3976336022
-29.0521876824
-29.5114727652
-41.1050089125
-30.6875269618
-32.3409720518
-33.2014209002
-38.9444719846
-35.1705873684
-45.8536348201
-14.9449290564
-71.1442374215
-30.3451504525
-48.6970882123
-43.9155094545
-31.9940293665
-71.9708987636
-37.4728290404
-118.698177724
-55.2520738389
-25.1045010289
-20.5785682009
-125.69627852
-41.0025503824
-156.157813029
-161.396536791
-82.4285300045
-15.7350308912
-58.9747263319
-12.0013708691
-72.2411510695
-58.5912824175
-175.686120991
-63.1771794316
-28.9400371817
-38.9168574746
-84.5741943623
-57.1789341251
-31.5874671229
-102.88504125
-158.579675039
-71.7932558747
-109.139702848
-71.8264248461
-89.1658576243
-133.098405969
-148.584587875
-25.7598866284
-53.1110421249
-134.423761979
-12.3288986233
-80.3530447523
-57.9618588417
-88.1974316705
-100.086325162
-218.319020583
-157.316816078
-28.3675971684
-116.223097499
-76.9125569547
-150.617077574
-39.8209014435
-7.74304007045
-23.8838652263
-67.0390569583
-41.5633889799
-22.2464640459
-42.7539657281
-22.4492720799
-45.4265794426
-82.3912622351
-112.659340439
-27.9790305823
-45.5793158106
-98.4001532781
-53.2202733681
-105.209974047
-99.733214671
-64.9067117311
-91.3623166886
-120.874228753
-76.0990931903
-102.668243418
-56.2607936818
-91.5152436245
-93.5804948234
-26.7221145439
-128.238338063
-64.659212689
-56.4226105062
-131.10891975
-21.5474435835
-42.3637936456
-92.0707634689
-68.7768548861
-81.1566873543
-89.709981613
-74.9259787129
-23.3813282
-161.708495455
-52.4089998566
-33.0745936992
-64.7165439106
-79.8496148693
-83.9396524365
-35.0920332261
-56.2741299475
-97.9466194251
-59.9335675322
-39.9425706925
-85.5857290684
-63.3875004054
-43.9996318186
-95.6423981153
-88.2102173436
-72.4700565386
-82.3745531794
-40.3587942872
-87.1713075994
-163.369261079
-217.794172766
-62.3841997288
-102.825074237
-82.4947595694
-57.9656954952
-96.3026680609
-47.7865371584
-79.6942289366
-26.3250824366
-106.126207334
-47.3458660734
-39.7563393732
-37.93748019
-33.5755797762
-76.9184193699
-66.8710301805
-54.8705753656
-37.5077997199
-74.0389391168
-76.3497666659
-91.4676704853
-38.3488522073
-34.0341239787
-53.7120214548
-53.7187946029
-78.6635398306
-96.7994649349
-77.5117611866
-50.6924071725
-45.2353173839
-59.6586554337
-126.653130627
-76.0840663285
-24.1987170141
-69.8778506958
-64.7759439847
-56.297823835
-36.1408699936
-129.67415981
-49.3574799722
-90.0971970906
-151.607602153
-75.5034983059
-82.7906885006
-149.115967335
-125.852145686
-88.2629564733
-126.676121493
-98.8708159716
-89.2835759219
-69.9775136898
-130.815970569
-69.1826844388
-68.2001618438
-56.325351142
-235.493238298
-81.5024372394
-50.2655351868
-25.4538384882
-139.762063775
-100.80259618
-93.3978174015
-81.9475383792
-72.7920364229
-55.4873860942
-77.8835418561
-162.45582228
-52.6047697764
-107.934644458
-155.304774055
-63.614887237
-135.203749645
-67.7315261759
-118.78532131
-104.024644665
-65.7975773599
-50.8451103973
-88.2491237673
-52.6550970942
-53.4599997958
-9.61397602664
-38.5228493676
-77.5180725528
-112.327178627
-60.5750607319
-170.369160199
-128.594896434
-84.7362484566
-53.6307215693
-106.995839234
-56.894803832
-64.4620807875
-68.2816704494
-56.264238252
-112.2787927
-176.628591243
-71.7750573698
-32.0588680943
-24.5954210951
-39.5254467386
-55.2959150834
-102.167801344
-114.708265087
-145.558385603
-45.3117660331
-47.4267329965
-88.9949160398
-140.075920191
-118.686207575
-168.719431916
-103.948375812
-86.3032534577
-143.369977171
-82.4647345258
-103.052836295
-129.773000736
-91.6753976876
-65.8885242549
-175.011255963
-90.3261983056
-61.5059345419
-83.8975323938
-70.0323945075
-79.0518594179
-138.919694272
-43.0989554505
-25.1447635849
-27.1616883929
-70.8105090659
-35.3815839963
-61.0196879691
-17.4558950148
-25.2036178793
-70.0046351378
-49.0757400003
-37.4781438867
-69.1308031031
-12.7442908433
-32.6029680568
-34.0807014283
-49.1526292459
-58.9914872487
-20.3688978307
-22.0359218102
-33.8853475485
-101.293844459
-15.1513030121
-37.3376739917
-115.165977092
-47.007153396
-26.3016820986
-15.8003442699
-46.2683441667
-52.2491168217
-72.2221893613
-30.6000338241
-43.7466500262
-41.0521478276
-19.1856692913
-40.400446833
-19.009599805
-42.983052304
-33.3835321412
-62.6976242064
-58.6897551502
-20.7769232783
-54.0190412445
-86.1286663226
-142.50986258
-48.8069934952
-72.2270145784
-87.7941877521
-69.0848824276
-156.476456099
-78.6940852134
-37.0751396706
-78.5372957043
-45.0878667025
-465.139672977
-90.0296949326
-138.156202524
-154.505015269
-165.53647954
-50.8259374366
-180.237643456
-215.328619317
-97.2937245417
-154.755526574
-68.3517532534
-183.256554244
-131.605678855
-72.0903706002
-16.5002425582
-36.877174137
-134.714424941
-110.311588822
-123.06165493
-76.8618416471
-97.6314870331
-127.585009119
-102.520454237
-70.0565064827
-47.5481444906
-76.8858783638
-23.7938448052
-18.149676242
-37.6327334457
-15.9086229362
-16.9418981256
-136.614145225
-115.41507258
-198.934107428
-72.5070690618
-189.953494921
-74.9301136947
-121.614115882
-113.08886944
-73.906449663
-70.7635786802
-120.677962439
-54.908144317
-46.446162624
-113.960837547
-128.555516648
-44.7527000366
-26.5745741835
-12.029373748
-8.86952958219
-99.5122867695
-15.6780284163
-25.6493448661
-47.1388269083
-53.0504941693
-56.4390182138
-40.941721466
-41.6176787454
-39.121637589
-49.3314980543
-52.572252908
-89.2126851752
-82.2829850948
-81.9276222814
-40.2583216064
-79.0015352997
-13.034886516
-26.9338215993
-121.098251602
-145.520326726
-85.6295680379
-77.7876667243
-132.964993714
-51.0839882559
-140.887447591
-129.593521453
-63.629108927
-72.6572166911
-53.0855360489
-44.8967356006
-37.2369752957
-38.3560251887
-28.0894337133
-20.0924927256
-22.7149641669
-75.7351274033
-100.721051524
-33.6792309032
-86.188445573
-51.2330260843
-41.0121192093
-12.359421381
-50.0127512379
-139.434831229
-113.764438736
-26.7991995615
-66.488129294
-80.3017700691
-73.0060848636
-51.5514929322
-126.822507457
-47.8578529154
-120.139649213
-93.5955916741
-124.060376618
-63.9319604744
-134.001356796
-79.3909695929
-58.0278514357
-49.2044935289
-55.3799846611
-121.099249525
-65.5707545032
-120.739839144
-83.4233522823
-60.2581967604
-62.8736029921
-106.714216765
-65.2982733646
-85.7520153556
-61.9527199561
-77.2207067232
-87.4283712797
-146.568704011
-77.3432058823
-105.270268311
-25.9427476729
-99.3468592942
-19.9208697081
-73.7108676376
-50.3949446664
-133.01599419
-26.9653497948
-75.7672637152
-75.285647029
-79.8621897988
-126.424909825
-80.9021585412
-117.418210219
-59.467761913
-109.766103556
-32.6104570135
-129.813339764
-105.55688723
-90.7914250563
-44.0903820274
-114.884168885
-54.5788410822
-97.085383372
-77.6388785772
-21.5751690676
-112.214534262
-79.4686697165
-43.7394059115
-44.7040452961
-152.293534373
-135.144152716
-86.3994087955
-69.5511316269
-116.497555736
-95.1549331253
-98.9804943496
-21.3838577187
-124.779748868
-83.0264441572
-135.108314429
-83.7883213932
-131.523812372
-56.9599678525
-17.5179425281
-57.057142188
-147.024398098
-30.5434217577
-74.4532325247
-57.7480633752
-95.7236987057
-90.687554689
-106.515837567
-70.6094092289
-99.5482825652
-111.597202173
-68.726260486
-87.4051647595
-180.945044768
-120.595950599
-70.2934899707
-52.2222547239
-156.203065436
-80.9203541609
-112.787615879
-22.6832798372
-15.6297756787
-53.7070552925
-35.345484003
-31.2425118488
-10.1947408902
-76.0494002878
-69.3346372439
-41.1198090573
-28.4742163057
-54.0478947953
-81.8853130826
-86.8863447497
-68.9273364062
-44.0308967779
-53.7186099983
-95.3178024984
-125.030315124
-24.8838995148
-82.9284442741
-82.3256702721
-78.6028713995
-31.9002872105
-122.403554919
-40.8185700895
-79.1236910526
-59.6850677105
-78.2016788468
-53.1591007895
-80.9224477512
-33.7575369278
-39.582185572
-53.4165814598
-18.71769956
-63.9737692241
-85.1739987099
-67.800405343
-79.4169839044
-38.9038735773
-71.9831939349
-12.6742187552
-44.0074801693
-34.7143722936
-77.9801363609
-46.5761568766
-55.8508255078
-48.9415577305
-63.2841246208
-62.6887536999
-20.8016323047
-7.29105040045
-11.799824782
-28.0256086785
-22.447761229
-50.407325493
-18.9692728278
-41.1631624401
-15.0714224986
-35.368379082
-47.4105136235
-80.3704477725
-49.5590277179
-140.143767943
-110.402857334
-103.032169157
-63.4920904158
-134.428907706
-57.813525374
-106.525907807
-53.0452298039
-64.2410198672
-96.0389256551
-69.4492831569
-66.801407915
-29.6069467222
-40.5389255039
-89.2902564629
-49.2355131819
-60.737733713
-84.7584804105
-58.4901402058
-56.4603082392
-37.7412519597
-60.8638337592
-59.4260459132
-42.6399793756
-50.9410366526
-92.4933897613
-28.8789868023
-33.4011860928
-45.6437601293
-62.7031712472
-71.0546005774
-36.2159373908
-59.4828200763
-59.1868170764
-60.2824242999
-76.1145686512
-21.0687936536
-69.6786205637
-148.906037449
-56.8671736321
-110.105319658
-35.7519503843
-70.681909788
-51.9541559316
-18.9779969008
-49.37324219
-34.0228976435
-76.8993561499
-44.6159130095
-85.1285247821
-117.802543757
-92.6961404835
-88.6911302788
-53.5264824306
-59.5399612582
-59.1883392436
-45.9282316667
-78.6279339192
-82.2583147934
-78.3583438513
-61.6193646918
-92.3986185329
-57.1695893509
-76.8518104641
-119.861278071
-111.14722295
-61.9272610801
-36.2094021718
-49.0712351224
-119.817663162
-86.4570556466
-119.221460493
-31.0091365737
-19.590936229
-53.6263449049
-37.5592249186
-39.460650069
-24.1802431346
-95.9298947804
-98.5572185669
-169.538303071
-36.0167688633
-13.6191932252
-59.7078122805
-17.5753405536
-16.1638632649
-65.8519514956
-86.5365345344
-30.0900842018
-12.3810720272
-13.7038910537
-44.6282144472
-161.493425924
-48.979490373
-77.4196107727
-38.4452108375
-128.456503182
-13.5545826809
-61.5444258708
-80.5833315639
-105.796550062
-196.030876327
-39.5818748938
-92.7806378454
-51.4119574291
-15.5509460314
-40.6021832205
-88.1679656197
-66.9891966002
-89.0841719595
-42.2836762763
-132.901462341
-87.588447774
-139.250172036
-62.7899772136
-54.1123590319
-24.9459336547
-37.8463744709
-9.35304364455
-77.782070834
-45.5040128735
-67.5987595695
-33.1961538158
-107.938006273
-70.9390947577
-185.881566105
-114.880869386
-72.062465121
-116.535632443
-42.6025255721
-38.1178077371
-60.9972048308
-173.067607354
-65.9188447282
-116.701672555
-62.2597761889
-133.441807506
-35.5032273594
-21.6113893967
-53.3474253755
-48.6928935668
-77.9466255739
-124.714532847
-64.5643618562
-119.964737822
-98.4877570315
-62.0286190762
-112.30025791
-46.1886328179
-114.000926472
-59.3458106396
-49.737270391
-46.3566193303
-104.211981521
-42.2679523591
-81.79061595
-92.1989493759
-72.6791313599
-129.402712117
-100.580587552
-69.846830837
-39.9301380537
-62.667896709
-67.0315738963
-73.5611257465
-73.4785518888
-28.484160533
-46.9642029896
-75.6376846802
-64.2402774388
-44.4555371542
-45.0272849552
-34.9797446378
-68.2889286664
-16.980653643
-44.805440723
-57.8075570527
-46.8931487416
-39.5430966057
-34.477776827
-76.3676868779
-76.1946197087
-34.9537939787
-65.5181548762
-22.553250824
-40.3575862486
-80.9699157271
-19.4123639557
-60.8328963873
-74.7650417536
-72.6145613686
-31.5623291569
-70.3639267966
-163.458755894
-64.9435541734
-78.2388609785
-101.872678834
-60.5580914386
-150.698217855
-84.0437941195
-69.2942538235
-70.9077863781
-58.909858715
-54.5584672232
-109.386225364
-60.1971358376
-78.1431806046
-38.1292488132
-117.834282018
-121.116035575
-111.868193229
-110.836010425
-86.6557040699
-293.420232962
-91.4484032187
-92.3425317349
-99.718147777
-96.1435149385
-79.1168120966
-108.94639465
-64.84219845
-190.625741601
-84.550188588
-84.4343122665
-113.450348657
-60.9308546969
-40.9355053389
-87.2945420962
-69.3996299881
-35.0591357862
-37.8366254501
-74.754363027
-112.164533191
-99.6727690593
-59.6699328361
-90.2144707071
-75.5480585868
-66.0917657056
-98.843621408
-79.1250294155
-54.2327944807
-56.7135997363
-110.051765648
-113.605594454
-237.432760718
-28.5543140036
-287.790051228
-87.6787309341
-100.071557392
-38.1604871131
-74.5280312589
-108.578054834
-100.077987238
-131.541271164
-72.046591689
-84.4072730469
-123.274094716
-109.045407433
-189.085953719
-153.785875924
-64.4123508024
-188.707146864
-162.708841634
-91.6288670335
-90.715815688
-54.7655987856
-61.1999306139
-90.9985392418
-51.6265470574
-106.793628372
-24.4446700071
-150.620656388
-99.4058572536
-157.682578564
-25.0652180566
-76.6931605785
-75.4122335688
-108.108516654
-140.935692303
-33.8208643228
-31.164286303
-38.081901415
-44.0128872847
-58.6289979432
-63.9046396315
-62.971952718
-28.5462171387
-66.2987049401
-78.4162897471
-27.4083420898
-27.6026647004
-58.7232286194
-65.6311561583
-70.8622337602
-61.4353007894
-178.717028888
-66.8660927192
-32.1828657521
-44.9337020696
-29.0581789835
-57.4238577498
-174.898321474
-78.8810920021
-55.8771378839
-61.5002433083
-87.8974707313
-75.605263354
-124.755177908
-29.5084148442
-23.5467771925
-30.4681665322
-21.5508272086
-7.94008652912
-27.3512266449
-66.2267840975
-26.7853532907
-50.5845687451
-28.1111522372
-44.8716096696
-13.6260988384
-32.3118211954
-20.3733175153
-63.8672558379
-21.1688603839
-21.9049654928
-87.7011638737
-15.0899094978
-24.4939937818
-13.6000182286
-20.6708819337
-37.3538890323
-32.9634457732
-14.4227845953
-54.163174089
-18.4209439964
-17.076444878
-21.8363110657
-64.1012841536
-18.84016751
-24.0262958775
-50.3259544295
-23.2465260706
-22.9630279826
-62.6192244176
-31.161319285
-35.8458665361
-40.6855233448
-41.3806475754
-135.375953607
-86.1007122437
-56.3213837691
-133.530839056
-65.6170042498
-74.2606129384
-123.855357818
-71.9157571313
-49.7370053999
-94.0843516769
-81.5293296401
-45.1406195018
-103.691446569
-71.9213155635
-51.3380590362
-101.062807247
-62.4137651598
-189.113521634
-102.611455054
-79.9615388362
-106.674089633
-128.965105627
-122.264129548
-232.558228317
-131.243736594
-207.561123718
-175.316732716
-181.787905867
-92.0176571293
-53.6562421527
-31.6387490836
-86.0082298468
-70.6026501046
-89.7048762076
-53.4588957195
-149.179761682
-82.0053700107
-99.6536901646
-86.3560908716
-135.523917105
-54.2082822661
-45.579355187
-77.0462022342
-71.3634808397
-63.1939606572
-70.2129757813
-122.513261234
-35.8119023783
-77.7043685627
-124.288143776
-54.511947396
-81.0238836768
-97.4588528087
-38.7728646614
-41.1162763008
-91.7550604254
-77.8845472532
-108.375889801
-57.2139513438
-150.535498934
-91.9026218955
-17.3070569454
-90.3665118487
-47.5742940227
-32.0705034454
-98.6277450156
-52.5426155508
-65.742061195
-124.616175139
-112.662097248
-21.1705589016
-31.3594906351
-20.8380424803
-23.1074511912
-72.7230303132
-107.808323759
-45.1920929168
-78.8758296994
-119.727729095
-131.539733116
-76.5031400316
-28.1248743693
-28.152360361
-51.019152387
-94.7066655429
-98.2366262186
-56.2680747815
-29.7750872297
-35.0698957394
-50.7888692453
-72.5567793734
-114.631210213
-110.122368212
-56.6743780536
-64.6795752501
-158.758021993
-83.5018462453
-55.5779106621
-39.8113178268
-127.017523147
-83.2716547626
-86.7275772836
-46.4448410909
-124.823167859
-161.649927735
-71.5792841815
-47.9877853515
-52.3447267436
-107.466137006
-81.6598484456
-77.1401637996
-130.433185174
-105.308836682
-232.14210981
-128.973938384
-57.3306852524
-121.054805755
-70.4531775942
-69.5942067068
-52.7558113328
-75.0662820441
-139.337228793
-110.654608715
-134.373709076
-68.6080126224
-39.2600402047
-102.831044765
-77.7123872882
-141.714003332
-55.1511919635
-113.426951876
-94.5977858025
-153.322500003
-81.4157172622
-80.5247811727
-104.855268436
-71.5829328288
-38.155533401
-89.690566436
-147.915179976
-71.656525112
-40.8836632181
-85.0800573204
-109.859942634
-126.62972727
-79.7897738615
-34.959728217
-62.6549325635
-145.18132144
-132.868886112
-60.8084345755
-30.3729814413
-67.1700900453
-104.782919108
-144.085630901
-145.678348598
-190.711102365
-73.9492336665
-45.8009767649
-60.6599378465
-118.743878388
-77.0933830612
-105.210484225
-129.943532516
-65.7655386433
-61.1937240909
-116.852721552
-75.832857156
-119.885709907
-42.6139154679
-120.489660083
-68.2699315123
-154.812897075
-104.197564385
-115.237138008
-77.1245597945
-19.216086453
-110.240084785
-87.9133696205
-147.34964743
-71.8154425326
-90.7475937638
-50.983454336
-70.3483644789
-161.286658535
-54.2150414758
-118.546455729
-65.2275994466
-28.0963220601
-96.6230768182
-136.126135033
-45.4114529014
-138.351748074
-50.5596026233
-69.7570439714
-91.6143842004
-90.8889342742
-115.868137265
-88.0250271603
-147.439047366
-60.6776740076
-88.3256304022
-104.336093764
-76.1166418245
-32.6853181145
-107.694608428
-197.6574199
-76.820476396
-68.0067259998
-83.408758672
-207.081896021
-172.248543227
-141.738210643
-379.908658767
-187.09642744
-193.266034881
-170.95014606
-126.588231208
-100.192856797
-95.0091716452
-51.1247561532
-49.9022990972
-53.8385063543
-197.082969797
-189.129605221
-48.242589675
-39.0456888158
-173.054688603
-129.43498527
-122.073729831
-6.39536830763
-118.249826125
-116.188307135
-113.819036153
-163.57201677
-161.218330795
-96.7157195472
-187.803892368
-40.2096391612
-110.889042388
-94.9885047007
-61.9424233583
-76.0504539639
-98.032107252
-78.872454727
-76.6310511787
-208.236802943
-58.8401863337
-107.526398475
-139.303149156
-189.755558183
-35.2641734292
-99.1851336701
-104.087104142
-103.528453689
-107.99097581
-127.852188435
-57.0857579358
-17.4666420574
-94.3636649042
-151.681718655
-122.745595479
-59.7905031814
-30.8915753529
-105.768084548
-85.9179309689
-108.579407853
-40.4575044251
-147.429119594
-61.7916706853
-38.7971254262
-45.0152349791
-122.86098944
-48.9171849296
-172.874011686
-120.946507439
-43.617120357
-67.9929073635
-121.684808616
-79.1348062022
-196.453739178
-39.0117961533
-86.6718365601
-74.3452905327
-258.7754563
-48.3003084949
-85.5073855378
-107.78687556
-101.066623849
-36.4093217537
-84.8690266558
-86.9163450963
-49.9831750822
-40.6044602822
-134.339404891
-67.8180218898
-62.6263407666
-69.9223379734
-105.028574412
-28.1300980154
-172.454574699
-38.2314250114
-117.367197074
-49.3359444544
-176.360719105
-46.1861284648
-38.4427438238
-293.315693974
-246.452599641
-30.8612942001
-168.515347592
-192.427496987
-146.936098014
-213.172629598
-43.1952226845
-25.0567596408
-136.598173468
-67.4435332831
-107.220365219
-27.6072479261
-41.4954575764
-34.616363159
-41.4335014269
-73.058339624
-64.2257023004
-47.4377068533
-100.298592569
-23.6281439598
-59.1983628214
-86.0157392522
-72.0195753886
-13.0779775509
-181.031351312
-56.1074478542
-77.4956698095
-28.7533117817
-50.7352182184
-28.8843014326
-124.076024535
-12.9733030695
-122.717990961
-132.427848822
-91.3480523345
-80.5578888124
-148.844856201
-4.79195091204
-65.8252169219
-112.656615282
-74.1813440142
-30.9893828785
-195.083699664
-117.379905901
-44.4561240026
-158.39845455
-210.809051796
-57.9633320349
-164.470505741
-156.080237149
-84.5080886433
-69.7373358432
-67.4795216669
-54.1277139384
-2.31109990802
-147.341920323
-115.032140969
-105.800974379
-60.7223074871
-85.5641146979
-50.2282518105
-160.569528253
-3.4941121067
-64.6786937341
-84.9984124172
-147.554381715
-62.9223570093
-59.4226225762
-155.656050862
-133.647378012
-44.3855091463
-145.363135657
-10.8520908064
-44.3796005227
-15.2749196882
-70.7971402388
-133.883694243
-57.6385082253
-5.93154806671
-62.2801282653
-61.9965488794
-169.064352715
-90.5929441973
-58.9005858487
-49.3734568441
-101.976291692
-124.100261599
-97.0519251278
-77.6543996324
-123.005589102
-66.9957648442
-102.841323199
-104.900187387
-39.5900314578
-33.9285571168
-51.263411403
-57.7623585141
-139.138747722
-86.0704817838
-70.2948962058
-59.9168368815
-104.716088407
-202.647781208
-41.3375658112
-124.13183208
-80.4613801628
-159.149668538
-86.2542110862
-125.511890483
-52.4231874411
-45.300372891
-31.7315686701
-161.323458088
-14.9146956747
-25.383946288
-98.129925686
-59.767396956
-97.5087224232
-84.367267513
-70.7075732629
-90.7146180658
-68.4541957448
-106.841435981
-58.0492516204
-141.601130391
-53.7012957943
-134.394682361
-114.481593339
-120.079814071
-103.272401341
-97.5062030548
-119.29305891
-80.2909085843
-104.486087862
-20.337853051
-128.324382235
-73.0147384673
-66.6712104444
-61.4918591149
-12.3883376195
-123.783089795
-244.517379821
-77.9787669939
-81.25357372
-60.2033741646
-57.0641692833
-58.4669368707
-69.2939308461
-71.1624829019
-72.4109127027
-118.124791434
-55.2545544376
-50.3101286816
-139.357568541
-267.300876503
-34.3666151848
-103.954377448
-284.648883347
-99.0878096863
-81.9687329801
-89.2940782961
-84.9860342093
-124.061537722
-125.357733048
-147.759135978
-146.528100404
-95.2396313733
-79.9831077794
-79.1684310232
-11.4477256747
-17.2470932151
-42.4641859449
-109.66671689
-22.1598376522
-91.4276167325
-18.5517887095
-89.86831514
-70.5349595052
-65.8122789267
-72.5015564225
-105.922743285
-97.9157111154
-80.3398567688
-30.7546969723
-53.938423843
-58.7364778878
-43.2450573076
-31.6246871068
-44.3872962969
-122.275362711
-123.275432642
-82.5558583155
-47.4086967908
-101.522990311
-62.8527445495
-267.126612533
-14.528897315
-60.6916894644
-403.358532366
-73.8546159537
-50.2677526492
-79.63238367
-99.3120398575
-118.061167314
-88.7329726057
-20.7461653009
-81.1230298066
-133.303837458
-118.678260132
-69.8267538694
-26.7053028347
-37.7837647164
-79.116789015
-45.675583833
-28.1833678396
-77.7632907422
-54.542829575
-44.3366399418
-107.970532239
-46.2018291785
-32.7883289518
-39.3495513643
-109.154804418
-119.009828934
-145.949991079
-127.779156228
-100.008396954
-102.581620349
-84.9573037036
-163.23808119
-108.530964745
-171.600951612
-200.076470759
-37.3665823138
-27.1149334256
-85.1049763077
-56.358760087
-16.4141736567
-77.994896247
-80.3455027967
-43.319796244
-74.6735649823
-44.5918716487
-16.5286704187
-67.3009847206
-31.8619283629
-79.6658209409
-55.0570826719
-67.6529854841
-21.1174976963
-35.4392270054
-18.9233547932
-73.5322053942
-124.248819075
-82.8843238898
-79.4384965758
-10.2197171079
-44.8726842334
-55.6140264315
-22.3999857368
-26.1327152219
-70.0198770332
-5.03990925768
-62.0546531778
-47.3544849516
-32.8212376128
-44.7172640992
-87.3248877268
-65.1276791209
-6.08296664272
-170.980758506
-63.2172142581
-18.6583414463
-6.38488244433
-44.5760812796
-7.82157296645
-198.494944879
-22.7466302901
-13.705778537
-108.600033644
-17.2315050672
-53.3336946734
-32.4498085121
-120.289893847
-123.597358192
-57.2412889579
-39.5402518896
-23.1917175469
-39.7169589567
-132.474546493
-51.7008447835
-47.9395397414
-74.1707900835
-86.2133806568
-165.20181388
-47.0310239299
-88.6181085843
-56.1034544055
-27.0480579519
-70.8760944139
-89.1491245182
-92.3931470077
-56.3137391931
-62.7365473836
-110.07715449
-90.3868337991
-97.8123988654
-88.7733111924
-78.7784216777
-137.774621212
-156.642332987
-70.5721826346
-116.412896858
-21.4285857491
-30.1454094231
-119.925246584
-39.9302468167
-56.5692748442
-137.344627453
-209.418192922
-134.381858617
-95.7658825764
-51.4933506684
-92.1561692334
-109.514034843
-138.458738443
-97.3232761591
-36.0910242237
-18.8942995904
-21.4734546418
-41.9953149705
-84.4239920909
-6.20780857217
-19.7672436883
-82.4909391141
-139.781223535
-131.986175812
-135.637279527
-60.230142579
-64.4970150629
-77.1148522755
-143.3123472
-94.2388893559
-48.6786078079
-106.684449457
-147.965482308
-63.7681003502
-65.4367903562
-57.638747643
-50.5531327395
-84.9079034265
-37.5216637828
-49.9483965821
-53.4315528837
-72.4559691764
-112.413845276
-66.5388622453
-94.8300863653
-38.509478787
-49.8206430809
-66.6377414771
-73.0921607477
-62.6633221207
-59.9657393112
-111.419984634
-88.442571983
-67.2793912409
-82.915717541
-56.9689416659
-14.5205376266
-63.3765154942
-47.5483305123
-55.0960176879
-117.931553687
-68.3526019323
-49.1158676227
-56.0153701468
-41.2308069559
-92.5197160158
-93.4316347264
-102.512088756
-62.1493304964
-58.576623575
-61.8374133911
-26.8234797336
-19.7944656836
-53.1597408792
-182.373874699
-115.610799633
-77.9594828643
-57.4094941365
-121.160444529
-61.3527717801
-75.1921366844
-122.506361588
-87.0392809298
-104.443326631
-104.907264179
-69.4341778338
-89.3434844225
-90.2333499792
-82.1152213934
-46.3334410856
-44.0536763017
-35.1669848732
-181.274396009
-44.0493325292
-37.6555364875
-64.6826259167
-157.990798357
-79.4973866187
-166.08072353
-123.687615417
-56.2055921915
-85.1949397814
-271.097440519
-47.1401790691
-20.7595342443
-122.557541427
-70.4729394696
-122.166588388
-120.511719073
-26.6317407704
-47.5814258767
-33.5432248571
-93.4961555
-68.5864079706
-51.3880896857
-150.900206612
-65.982114393
-73.5776570188
-48.2853903287
-94.3538544073
-63.5330374452
-101.9266305
-25.5468984958
-4.30107340538
-131.744931693
-33.862574016
-71.2792964455
-93.6337556667
-17.4329894344
-64.9233237372
-107.999157481
-62.9387395059
-88.0217738408
-42.5564517647
-125.985899405
-59.6969913259
-59.6146277714
-142.415188824
-69.8355011295
-115.080848108
-71.6437582347
-25.918720733
-71.8550942447
-39.4758041211
-68.0973451863
-78.5592749182
-31.6527878585
-95.4601256879
-70.787727151
-286.135959506
-147.158613812
-47.9742849757
-111.448146055
-70.5617906115
-36.7604294542
-138.295644992
-63.8529909813
-97.883418506
-97.24800236
-123.359381636
-88.340634224
-18.1280341273
-5.67465811171
-118.301170869
-104.328492079
-81.5229719127
-169.209001812
-59.4903785967
-196.463556901
-32.8232912738
-80.8227321891
-145.082824688
-69.5938347922
-189.045030182
-148.836282423
-48.1655146674
-170.628854821
-121.461239966
-97.9052090902
-105.979990325
-58.9949224322
-111.303683379
-138.611289801
-36.9551066025
-27.9150821227
-115.926106451
-184.2470979
-42.8274793663
-100.184043409
-246.312843717
-130.679400683
-85.5996727578
-35.8638185442
-132.588419961
-175.753720379
-74.2527824962
-34.4495631986
-104.575499107
-72.5095924805
-31.2149376497
-91.8906983168
-151.196275929
-76.3291442192
-76.6452035751
-34.5227039315
-105.86476145
-47.8383394554
-64.6880391806
-146.733042563
-36.0129737571
-53.7242541253
-91.0579170134
-65.0841950494
-59.9924687956
-101.30007345
-84.7538984397
-56.6596979306
-101.897356972
-234.773782002
-93.854306478
-117.225959856
-113.438196786
-142.379087847
-44.8134608426
-127.160321197
-79.1673837092
-65.7767247548
-68.5635954636
-75.9457123847
-25.7712094422
-18.3007857692
-35.2409428386
-74.8205050354
-41.2140347007
-33.5384791864
-80.8133318564
-69.137220697
-36.2868432137
-82.4829448591
-38.8358009664
-67.9843104607
-56.0316749988
-110.142559467
-76.9172029077
-83.1769663257
-153.736264255
-144.758281749
-144.614412191
-87.576030944
-126.900872876
-166.062315705
-54.069515926
-90.9790906282
-34.0450317668
-103.136182892
-69.3793764036
-152.027647153
-68.2654334377
-82.2170832183
-164.626063695
-69.7598297491
-41.7513089756
-25.6218677986
-16.0772129205
-57.5113742586
-70.7278848106
-33.204361518
-27.8690493411
-81.3783761179
-54.604241363
-63.484787647
-45.4006839891
-73.8918554081
-30.0050515164
-2.4970045503
-51.9785282742
-59.5685352836
-99.4237489883
-162.987813598
-61.8626528362
-78.6307070504
-72.1287121129
-122.965045154
-2.5142341535
-87.9959699967
-47.2596047861
-35.8890869421
-119.801453354
-43.453468872
-21.9843642793
-37.1721207829
-58.4602092046
-43.5341707176
-104.257399622
-47.9994609471
-42.2924163926
-82.0611999478
-28.1408919506
-88.3340444207
-47.3323359909
-2.67534214372
-62.9440513673
-68.4682955786
-119.807665433
-65.9793394355
-13.7488274245
-85.8787711847
-36.5024653912
-32.550740898
-105.17449723
-31.6310975058
-99.0787185171
-2.50611915952
-50.4018105161
-23.5522677395
-85.7294678045
-166.165161007
-81.7660038468
-16.5914319739
-38.7787914013
-54.2263742939
-80.69134666
-102.113373437
-25.2638022497
-46.822528151
-81.5864406753
-59.3969187078
-50.6246463741
-84.184771146
-124.562597885
-147.861511914
-24.9105828339
-50.0743223519
-57.7790403943
-25.6001180298
-46.5803549403
-59.3269124249
-37.010447641
-45.8949244067
-56.595012075
-35.6121089651
-31.1394435021
-20.9099574301
-60.5067704671
-44.8919096788
-67.7632006168
-52.2593033499
-47.3852085553
-63.5941507175
-87.172898279
-30.8065971262
-86.0937794589
-66.228357297
-61.944222382
-45.9132837743
-109.601863953
-59.3165800141
-79.8780537102
-29.6230907051
-129.664719973
-42.5074074293
-52.546760916
-136.398688105
-42.5052076469
-42.6833718496
-25.7330874019
-64.5325411364
-26.0468758509
-62.9964112008
-60.1750922199
-26.8033552482
-22.6421585134
-32.5807855603
-24.0406313914
-113.865607808
-65.9090585267
-34.0000056493
-35.4975035382
-123.20196202
-59.5767986732
-63.1287857889
-55.8065302629
-32.9309522135
-73.4475479914
-16.3228279549
-51.781092404
-40.7715929409
-120.508432306
-48.6432516799
-98.5801511069
-41.6529424131
-86.8482589238
-13.1082250243
-137.370006391
-38.7198173689
-142.192275513
-168.273354703
-114.85678736
-116.380547226
-100.422988345
-102.093906039
-170.264244477
-101.160309395
-35.3668753678
-85.8081368196
-29.8513694377
-110.107837294
-92.3666326182
-52.0552059034
-131.335586426
-28.5157223028
-178.831035668
-112.052714679
-93.069511463
-103.137945055
-140.577087056
-143.18697247
-79.5356319168
-138.025679241
-84.0113126685
-74.52708961
-114.929756375
-95.5675430614
-114.577439471
-57.6226820901
-16.6681018892
-102.506745433
-52.1555441832
-78.4725761906
-218.28607275
-102.998051698
-44.899398386
-116.909786637
-166.184350503
-35.375646401
-45.5378761918
-36.5917235194
-104.78820239
-99.1067661417
-152.828477639
-87.0401095103
-177.911022349
-66.538844237
-65.520160221
-88.974053442
-64.665135615
-311.089447518
-49.9966960459
-134.21360359
-72.7451009236
-69.1003545588
-107.46692239
-86.8191779847
-99.6923260313
-27.2904595334
-150.53704831
-53.3355493364
-131.639621224
-154.970112219
-75.1947877078
-118.106323959
-101.198091131
-54.5417741638
-80.8500137288
-97.8676406468
-73.0891833862
-123.401100179
-25.422868836
-110.683243151
-85.8260471734
-128.686896281
-67.1026374132
-92.8679088581
-89.3315187259
-59.8928826477
-41.9691769005
-38.8171943538
-224.323600379
-111.808242261
-72.6087152056
-56.3617024961
-104.918774039
-39.5214566307
-135.323674909
-92.501966299
-30.1517621154
-85.1404566502
-120.529898252
-49.4789996069
-81.1062191291
-57.3412965807
-62.7658645064
-133.805020466
-81.1416202944
-104.77784347
-18.5029931341
-102.592634195
-66.2147095741
-85.8114520648
-43.3091830767
-82.8051910994
-47.1689180146
-81.4178493311
-44.3480744137
-96.048741325
-96.4601296315
-155.196844684
-202.271020608
-42.112058211
-89.1337498135
-48.3558645766
-11.1858152804
-74.6415828149
-52.8324908706
-121.571762449
-89.767744731
-80.4111229185
-39.4840976488
-80.2081901941
-69.0749419295
-71.159389866
-24.5679228498
-23.0747477042
-83.9002465471
-97.035349609
-74.0232198824
-19.2020691709
-28.0624955804
-36.6051105106
-129.130103468
-20.996145216
-75.6440502344
-79.445789708
-97.9420779905
-16.2034726782
-104.524285403
-71.2257803494
-131.200481646
-101.393848126
-87.2294580404
-62.45535527
-21.0367747723
-41.6199510339
-76.0770299848
-134.868051981
-58.2551595132
-125.158144114
-19.9937184199
-21.8482862249
-39.9589775988
-102.414172958
-28.0802861897
-86.7604825742
-71.8746939856
-36.3780689646
-69.9610854801
-78.0114717598
-118.252694283
-128.79241298
-128.32102405
-72.972778643
-71.0063698184
-8.11743753301
-88.3691753298
-76.8206182652
-153.014912946
-91.3399810049
-98.7869648994
-108.248800039
-109.017083112
-88.2337417219
-185.529191547
-84.107967367
-149.265686931
-73.4598109667
-40.37108091
-89.9610955541
-62.7370749271
-45.9114795806
-50.8360243898
-163.848432361
-102.621421804
-35.3325458941
-142.506124551
-160.477101488
-76.9798075828
-63.9875882009
-38.6308300466
-45.599134658
-42.8625507497
-34.0781754382
-48.9080930027
-83.4225946134
-72.6131428739
-28.2939574826
-31.5364527308
-34.9840237864
-80.7473619763
-109.748326623
-85.264740774
-110.998961348
-16.9806591363
-115.026117699
-103.530455584
-57.4722009024
-71.1775960124
-43.2432575193
-147.812756235
-42.7426569796
-34.3732119151
-69.9876779799
-75.8513794243
-60.1459889344
-132.343210849
-72.8730504009
-48.7551595786
-63.6399198402
-69.1376635084
-59.2874322091
-71.3813161073
-69.2261608375
-70.3599703622
-72.1340083798
-63.9728062087
-57.0190089516
-65.0132572736
-88.886450483
-55.4204975851
-123.529755466
-186.005597729
-37.310757006
-34.5183395635
-49.9810031221
-104.175000016
-197.20967697
-62.7507688823
-121.968062136
-65.8648404931
-90.8169794966
-138.542778199
-60.4426891455
-183.542199367
-28.4138758066
-76.3018349892
-46.3456665217
-33.6244348507
-80.2069876345
-103.543136939
-75.6285271151
-47.0949382995
-60.0112155969
-108.178750939
-15.8861934932
-12.0441273902
-84.3496866063
-120.04191811
-202.843266949
-49.7521239693
-80.8686199166
-68.0797087688
-99.1443947796
-117.161083393
-71.1540537198
-42.2723308248
-26.3007455323
-43.7163631361
-67.9510856676
-149.372472635
-50.1561038731
-67.6866392849
-78.2490741121
-65.266241122
-77.4198376423
-64.7983474712
-86.2624472662
-86.5034887438
-32.9672670783
-54.8041377452
-107.821746258
-23.583860442
-48.9307868985
-90.177917041
-57.9759276888
-46.7123040794
-162.142369829
-82.1636851764
-27.2463341244
-49.0718975711
-90.4735393121
-66.7973663566
-115.710047396
-57.9390888807
-55.5114033814
-51.3593914186
-88.5639186449
-73.7875389739
-56.3638389242
-58.9194229378
-44.8942611198
-111.156066339
-144.429416601
-149.535918328
-63.0631456588
-24.4724701272
-51.5349827815
-53.6905990122
-77.9504446793
-62.3184100599
-39.3351762534
-74.4592835741
-119.550446006
-25.4409422553
-109.043539789
-160.575200888
-120.311715275
-121.230603727
-73.6147548357
-45.3309364134
-97.4361232473
-94.7061549614
-84.8746126236
-187.931718929
-73.9364690332
-147.763548186
-178.677659212
-223.291080485
-127.042777418
-71.7256190035
-157.199319828
-103.010643626
-157.741325272
-125.06369442
-112.046218986
-72.6094970505
-155.771503205
-158.517125364
-111.847650378
-17.0057479964
-122.68245447
-171.401018461
-107.665912957
-51.3602219928
-60.3085220164
-100.615587784
-66.2447084967
-27.9716250001
-41.9612349326
-68.7400680474
-18.327630291
-48.5078803111
-84.382334426
-76.5709565108
-45.3872183123
-48.0028168105
-84.2795877368
-83.2141025398
-59.5455644988
-51.742370625
-34.4992686515
-57.4559159835
-60.346364693
-107.602860851
-25.2889923269
-65.5359132746
-18.4411954333
-57.4051406442
-25.4478990971
-62.0256355808
-57.2756745938
-50.7960937351
-55.5958019244
-70.2102354634
-57.3770294642
-62.5274554291
-40.1819682835
-15.9685923828
-54.0883194505
-79.0167990151
-8.5089415242
-46.1881545529
-70.9741104573
-152.364953015
-39.7575412081
-24.0452608592
-53.3716676545
-137.592798047
-86.2259497039
-174.643365808
-55.9051487696
-36.7001842366
-85.4982725663
-70.93468095
-30.5726201255
-91.2997234867
-77.8201285338
-11.0000280148
-38.2036297284
-129.322657656
-59.0380250742
-34.2250241117
-44.7819396944
-101.907751731
-101.126058336
-150.442165127
-58.906702522
-123.060054042
-59.8875544647
-72.3308141824
-28.1517026095
-65.5764746809
-59.6904502126
-56.4583973783
-63.5241763432
-94.2217181113
-50.9642223502
-69.1506156857
-108.954409188
-19.5257773517
-2.02543635431
-23.7624063893
-1.84376074099
-35.9936014387
-1.78615289876
-70.4927889447
-1.86486982563
-36.6534334444
-1.74696867206
-68.6473622735
-38.6888731271
-75.2580920142
-115.75231616
-140.713152405
-29.5693918813
-103.991255007
-71.7080284415
-14.1178436988
-138.844897833
-82.4463296006
-49.8577417149
-117.380255739
-64.0871180132
-147.421850038
-172.765121586
-79.9129637096
-69.8123857204
-153.107395412
-85.8854403295
-117.310322607
-61.3536236223
-45.6489464343
-87.6119415589
-40.9558560849
-90.5227375036
-119.530925772
-9.52599537466
-21.7412356284
-108.415305336
-76.0342262805
-89.0203593044
-83.6322059222
-64.4191233928
-108.25915496
-23.6990547743
-73.3049649955
-61.7972617682
-80.6962598256
-49.9940492883
-33.08153127
-72.3072476011
-74.9785487815
-38.2701049882
-46.6900227652
-102.786230831
-86.4809274667
-51.3785448482
-92.4242554097
-158.874698182
-122.747042304
-117.514571025
-150.210228735
-81.7931124181
-71.08768074
-40.6038579508
-67.3849472514
-38.7382743388
-53.5892525464
-57.3006470073
-80.9323106991
-83.3692163446
-102.70797775
-56.9203063737
-26.6972548679
-93.0296457109
-104.672766598
-74.9645361203
-139.177581195
-152.359417746
-55.6853166789
-27.9679696172
-38.7374544829
-85.6620322135
-95.6943725706
-71.1587407965
-122.85859979
-81.110194686
-137.18399535
-58.1491921204
-23.6101784258
-111.252618001
-46.3595305939
-107.140272064
-65.8311397341
-69.4983928968
-55.497393619
-67.3144143261
-57.3497488015
-94.1155411997
-88.4113567171
-110.556237076
-60.7332008669
-42.7659338957
-77.4200340949
-90.5921714868
-66.0604784663
-141.639766466
-141.651149566
-49.6995437588
-94.7272949793
-25.1954697437
-45.7323644607
-171.575131897
-72.607336293
-69.5730138635
-114.351244752
-100.784517138
-139.550939573
-130.818275298
-112.757503374
-53.5386044854
-19.7096187388
-20.6317115194
-105.799526456
-61.0652985279
-43.6625928143
-26.0864046095
-84.6443396898
-41.3962912673
-82.9584223516
-140.841573587
-61.2590519842
-42.3815184971
-72.5512288455
-91.2361580197
-47.4673202531
-61.5720556885
-18.2230888571
-107.995991383
-130.445292916
-83.530131488
-60.4562035536
-69.0525133886
-77.0166100515
-75.0896712231
-69.3846079098
-98.5914191811
-41.3155691274
-63.4990586455
-53.2982055364
-132.274953693
-90.2018486854
-90.6006152982
-106.854612284
-117.396144375
-39.8752326852
-44.3951853676
-40.5855224179
-84.9211280254
-96.2028564983
-118.632041761
-70.996312413
-164.444940741
-76.5520916049
-55.1856825951
-67.9085657938
-16.9240584234
-100.795794693
-25.9944170852
-63.140081136
-57.6719730163
-128.211679829
-108.954569756
-64.6740160833
-58.0700572268
-17.1503591431
-129.465853963
-56.1427925199
-50.1115114002
-64.7704121469
-56.8784838098
-96.7722571337
-144.913686951
-14.3015741018
-48.0244276073
-115.249285858
-53.4693608978
-35.3046979699
-35.2542833457
-125.046957308
-51.2357322144
-52.5353513488
-40.733090911
-138.215045397
-37.0831308584
-62.8286664574
-91.5141577118
-95.4486467371
-87.3383650614
-79.5494836422
-144.929033677
-45.5834513687
-36.5207541237
-90.1201357821
-55.2419722032
-63.2546981928
-57.5873848305
-96.9058817328
-159.665696247
-210.213291464
-52.787635294
-75.4701177726
-53.3243065485
-63.0938397284
-92.8289211791
-77.5455932403
-141.826296996
-106.871477717
-49.5326797402
-87.6832075135
-76.8615523314
-107.584813819
-282.856819961
-96.2148823065
-16.1333153786
-131.069539111
-218.76169626
-84.8557765621
-70.4247217858
-96.7170354553
-52.0446037462
-170.524347773
-130.255017721
-187.454778941
-84.6168422588
-123.082432175
-171.346183013
-48.2947192176
-56.4578545738
-158.671254216
-128.036300766
-23.9577888031
-193.442092196
-79.2918985221
-44.8501244356
-95.4933534426
-111.434238769
-46.7304219608
-55.5374371255
-54.5196712858
-143.857063414
-44.5731055245
-108.678066883
-16.8243845821
-124.612165234
-143.692090138
-144.361723547
-63.131107384
-63.8734024225
-105.437027508
-146.327769567
-77.8322255457
-156.837564047
-57.933851637
-21.0849570963
-97.0034093362
-48.5923507815
-64.3757746082
-87.0674466714
-92.9095403787
-178.400342911
-140.290043386
-146.81288469
-144.235326667
-126.647383921
-100.288824824
-229.635585191
-53.2949051063
-60.9777379083
-98.771648709
-21.2916924462
-58.5948817673
-40.3891630886
-154.612333201
-27.6796886727
-138.526322095
-42.5911664732
-19.8024642622
-58.8851741185
-89.4138898247
-156.19967447
-137.089807985
-27.7010132962
-21.207792824
-138.0122973
-68.8995348215
-139.42303874
-149.203810912
-167.819418874
-39.0034388405
-79.8985734269
-48.9075027423
-43.7778241751
-57.0288125931
-23.0614340396
-24.1234439451
-107.705979382
-113.789790687
-134.464345503
-70.4221695583
-82.2406772333
-58.5393160255
-75.177806482
-48.6702902535
-65.2674297553
-48.4677557174
-82.2790952848
-51.1560744066
-29.327899901
-48.9571821957
-17.0172944037
-98.3531658045
-174.216635978
-108.575189703
-25.4877125528
-105.112838847
-192.279223629
-119.882768824
-72.2049847443
-81.3258005985
-39.1218410837
-55.8283517879
-50.9107540141
-39.3446696409
-39.1534175894
-80.0168882481
-94.5086696061
-60.5349410398
-30.5528972637
-119.616550532
-107.592083388
-82.4981617866
-37.6705504235
-128.056784494
-57.2589174765
-60.8618655164
-56.922243679
-15.8445462095
-66.8014272979
-83.5807500283
-6.10085244766
-71.6170140788
-27.7725895913
-57.3854957313
-52.1489304097
-11.6435728962
-37.8547744553
-79.5027008619
-85.0988032462
-63.403951878
-62.8209227572
-6.17330715936
-27.5212988049
-6.08444350755
-62.4235512201
-102.675219867
-2.10565879229
-115.104425194
-180.749277538
-92.2720963212
-185.442552737
-51.4435178974
-8.84843805973
-57.555167177
-19.8469810512
-31.9977451916
-131.149797272
-89.8206015516
-60.797163458
-23.7501425817
-74.2875516099
-84.0410102919
-27.1649162586
-9.07718769819
-17.7701990182
-13.9317377229
-9.84476210857
-132.03515446
-36.7813102211
-66.3281699775
-82.583247422
-42.9761649596
-38.8032636636
-75.7177226325
-98.0074818138
-12.9818736557
-30.004988894
-27.7514012254
-54.8048162415
-87.8941817031
-30.3875084269
-24.0854658259
-79.0390876301
-106.23795744
-100.204577113
-166.738955821
-236.010880712
-88.8898601262
-84.8401860387
-81.7018676683
-105.246758634
-19.2641092034
-221.906757693
-80.8968962223
-142.357880192
-55.9361821141
-50.1338887863
-82.9029574484
-122.29512751
-22.8765645243
-25.136968124
-59.8969294814
-121.544661818
-45.8959274747
-44.2991550747
-50.4350646147
-139.60300498
-39.9482860518
-75.0253617019
-74.0303927692
-69.6926469044
-151.906043426
-110.099627859
-47.4177924993
-22.4178290092
-71.9606580225
-77.0027249906
-88.7874137324
-35.3352430701
-82.6028248959
-63.8934825912
-57.8183795089
-107.108352529
-42.2402231646
-3.15567360611
-137.037806665
-60.1273648576
-136.46869895
-140.121858543
-22.1035726565
-18.1274693671
-16.8199132087
-110.531272804
-42.1960379553
-63.1612454533
-213.69757297
-23.9888203719
-16.7155227814
-12.5898567912
-11.8595854303
-55.9744754977
-100.474869287
-25.6466274891
-155.757985769
-50.6550251919
-27.5632157555
-14.6537898953
-128.981329572
-112.094673873
-41.514510665
-66.4360452924
-164.927849465
-109.429056588
-88.5757271463
-52.5619603814
-80.9731227826
-17.4301442799
-8.43348018705
-90.3081191177
-26.3653543234
-31.8040675661
-8.50223952301
-68.1317200832
-34.2794616012
-24.9967611827
-41.3019035731
-95.3192732935
-39.2758720406
-81.4287183134
-25.0129656051
-47.232187903
-66.0064947267
-87.421521666
-61.7357309465
-42.2919530849
-32.6391247221
-73.3781199113
-64.6848985918
-108.733715194
-67.4134998629
-52.8498910978
-146.833782276
-38.8076177807
-84.8959526994
-54.707023638
-89.8461686346
-48.561345581
-35.6190025067
-37.5090960084
-100.576625561
-48.8258184468
-48.933240487
-50.6551470688
-112.802396475
-70.9430091836
-60.8400873331
-88.9492619456
-89.3165883156
-26.7544529636
-26.0951024335
-40.7883591347
-41.3661058412
-46.8551911978
-65.8843247742
-39.6122630306
-90.8729845714
-83.1746888306
-94.2333665171
-95.5141913488
-37.9701484509
-230.46049456
-74.505074325
-52.8390944232
-40.8716771244
-31.3814143439
-50.8110485489
-98.4279044511
-58.1525368742
-60.4635345686
-70.8230213516
-78.469669449
-111.619361422
-12.5966017228
-85.6373357518
-58.2602661097
-47.116578656
-80.0678936527
-117.579374718
-64.2487432427
-67.5719103892
-68.4667663766
-86.1956781333
-87.9643596012
-106.551407477
-68.2096583321
-139.576299196
-101.514243107
